Cr: [0.06593861175481464,0.5018966865305635]
Cb: [0.28856606907502125,0.4114868983999753]
Tr: [[0.2781420941052756,0.7218579058947244],[0.9347459600535482,0.06525403994645185]]
Tb:[[0.31379133602017495,0.686208663979825],[0.481229557314791,0.518770442685209]]